                                      Id DER_mass_MMC DER_mass_transverse_met_lep DER_mass_vis
Id                           1.000000000 -0.003939983                 0.018646121 -0.004182880
DER_mass_MMC                -0.003939983  1.000000000                -0.442289630  0.193090440
DER_mass_transverse_met_lep  0.018646121 -0.442289630                 1.000000000  0.180296931
DER_mass_vis                -0.004182880  0.193090440                 0.180296931  1.000000000
DER_pt_h                     0.012546046  0.185153976                -0.257248171 -0.077241171
DER_deltaeta_jet_jet         0.011877014  0.152435202                -0.199055900 -0.034603950
DER_mass_jet_jet             0.016192495  0.150626949                -0.202744258 -0.040739549
DER_prodeta_jet_jet          0.011818012  0.152264569                -0.198790761 -0.034519296
DER_deltar_tau_lep          -0.020649323  0.240020108                 0.044303655  0.602085985
DER_pt_tot                   0.010595499  0.057485348                -0.012732423 -0.004401183
DER_sum_pt                   0.009935931  0.187951023                -0.160119984  0.069431109
DER_pt_ratio_lep_tau         0.010157947 -0.021809333                 0.339426517  0.091010773
DER_met_phi_centrality      -0.014312588  0.332467934                -0.420443220 -0.100605103
DER_lep_eta_centrality       0.011870134  0.152382036                -0.198977267 -0.034597060
PRI_tau_pt                  -0.008955782  0.142168641                -0.147172093  0.274966073
PRI_tau_eta                  0.011567420  0.014841113                 0.005700034  0.017651399
PRI_tau_phi                 -0.008428007  0.016487501                -0.004997310  0.002920670
PRI_lep_pt                   0.012122657  0.106107150                 0.303516122  0.407113041
PRI_lep_eta                 -0.011934398  0.020142332                -0.008711025 -0.003229106
PRI_lep_phi                 -0.009287551 -0.009762843                 0.024031328 -0.003433961
PRI_met                      0.031540146 -0.234455891                 0.179062530 -0.112965270
PRI_met_phi                  0.007975734 -0.017546163                -0.015336056 -0.001202116
PRI_met_sumet                0.009463577  0.208422521                -0.171985499  0.042098276
PRI_jet_num                  0.006072132  0.204295473                -0.231472882 -0.041394007
PRI_jet_leading_pt           0.004958190  0.232000392                -0.239456034 -0.032043200
PRI_jet_leading_eta          0.003671601  0.229781577                -0.230936412 -0.026904340
PRI_jet_leading_phi          0.003704952  0.229812022                -0.230965673 -0.026956149
PRI_jet_subleading_pt        0.012008128  0.152288054                -0.199438781 -0.035887635
PRI_jet_subleading_eta       0.011943437  0.152364903                -0.198907042 -0.034575503
PRI_jet_subleading_phi       0.011896117  0.152368953                -0.198944989 -0.034569883
PRI_jet_all_pt               0.011028522  0.166211316                -0.218127544 -0.064035957
                               DER_pt_h DER_deltaeta_jet_jet DER_mass_jet_jet DER_prodeta_jet_jet
Id                           0.01254605          0.011877014      0.016192495          0.01181801
DER_mass_MMC                 0.18515398          0.152435202      0.150626949          0.15226457
DER_mass_transverse_met_lep -0.25724817         -0.199055900     -0.202744258         -0.19879076
DER_mass_vis                -0.07724117         -0.034603950     -0.040739549         -0.03451930
DER_pt_h                     1.00000000          0.535985051      0.541385165          0.53604779
DER_deltaeta_jet_jet         0.53598505          1.000000000      0.944329141          0.99998126
DER_mass_jet_jet             0.54138517          0.944329141      1.000000000          0.94272253
DER_prodeta_jet_jet          0.53604779          0.999981258      0.942722533          1.00000000
DER_deltar_tau_lep          -0.54240653         -0.294727268     -0.295063888         -0.29480328
DER_pt_tot                   0.33942083          0.303423596      0.275475026          0.30407504
DER_sum_pt                   0.83585396          0.677619986      0.681129806          0.67785605
DER_pt_ratio_lep_tau         0.06148428          0.015657152      0.005544920          0.01595283
DER_met_phi_centrality       0.55136994          0.388988939      0.387841346          0.38866696
DER_lep_eta_centrality       0.53607204          0.999998384      0.943869009          0.99998953
PRI_tau_pt                   0.41453241          0.197991135      0.207024566          0.19792147
PRI_tau_eta                  0.02231656          0.017956696      0.016711905          0.01794221
PRI_tau_phi                 -0.01172081         -0.004534872      0.005184872         -0.00473383
PRI_lep_pt                   0.33740931          0.149178555      0.150681910          0.14938181
PRI_lep_eta                  0.04287129          0.031734485      0.029759921          0.03172205
PRI_lep_phi                 -0.01883786         -0.025670914     -0.022893126         -0.02567330
PRI_met                      0.68626501          0.320905011      0.337356284          0.32098433
PRI_met_phi                 -0.02634935         -0.010652833     -0.007857335         -0.01066187
PRI_met_sumet                0.78915965          0.624975804      0.618813132          0.62531677
PRI_jet_num                  0.64148087          0.870197937      0.815744481          0.87038723
PRI_jet_leading_pt           0.63704487          0.554703625      0.529188108          0.55470905
PRI_jet_leading_eta          0.58256628          0.531913203      0.501994284          0.53190951
PRI_jet_leading_phi          0.58263577          0.531911452      0.502012795          0.53190768
PRI_jet_subleading_pt        0.54415089          0.999322058      0.946122757          0.99932244
PRI_jet_subleading_eta       0.53612241          0.999995147      0.943843422          0.99998762
PRI_jet_subleading_phi       0.53611063          0.999995624      0.943796337          0.99998828
PRI_jet_all_pt               0.81484619          0.716735368      0.718544369          0.71698380
                            DER_deltar_tau_lep   DER_pt_tot   DER_sum_pt DER_pt_ratio_lep_tau
Id                               -0.0206493230  0.010595499  0.009935931          0.010157947
DER_mass_MMC                      0.2400201078  0.057485348  0.187951023         -0.021809333
DER_mass_transverse_met_lep       0.0443036554 -0.012732423 -0.160119984          0.339426517
DER_mass_vis                      0.6020859854 -0.004401183  0.069431109          0.091010773
DER_pt_h                         -0.5424065332  0.339420833  0.835853960          0.061484278
DER_deltaeta_jet_jet             -0.2947272676  0.303423596  0.677619986          0.015657152
DER_mass_jet_jet                 -0.2950638879  0.275475026  0.681129806          0.005544920
DER_prodeta_jet_jet              -0.2948032814  0.304075042  0.677856054          0.015952832
DER_deltar_tau_lep                1.0000000000 -0.171672501 -0.427582369          0.048714283
DER_pt_tot                       -0.1716725009  1.000000000  0.413778885          0.035847354
DER_sum_pt                       -0.4275823691  0.413778885  1.000000000          0.082521287
DER_pt_ratio_lep_tau              0.0487142830  0.035847354  0.082521287          1.000000000
DER_met_phi_centrality           -0.2131328783  0.210945278  0.430490101         -0.043940381
DER_lep_eta_centrality           -0.2947913874  0.303622345  0.677767264          0.015733312
PRI_tau_pt                       -0.1973287125  0.135417610  0.488297670         -0.497819055
PRI_tau_eta                       0.0002498475  0.012290666  0.021285155          0.015967749
PRI_tau_phi                       0.0101012805  0.013981534 -0.007206539          0.004149885
PRI_lep_pt                       -0.0572977639  0.127238944  0.439139669          0.689315245
PRI_lep_eta                      -0.0154819724  0.024198675  0.036201385          0.020689901
PRI_lep_phi                       0.0002038570 -0.006115951 -0.023765719          0.001598988
PRI_met                          -0.4131899444  0.252085142  0.532322949          0.043235219
PRI_met_phi                       0.0256538144  0.004525578 -0.023328268          0.006332402
PRI_met_sumet                    -0.3994291324  0.488158822  0.904121323          0.027696326
PRI_jet_num                      -0.3565526172  0.393467757  0.766946716          0.038890452
PRI_jet_leading_pt               -0.3513362865  0.225254870  0.643061371          0.028580482
PRI_jet_leading_eta              -0.3223471865  0.209437369  0.585157231          0.024501769
PRI_jet_leading_phi              -0.3223535043  0.209420107  0.585174442          0.024414776
PRI_jet_subleading_pt            -0.2993401469  0.311394172  0.693889942          0.017276533
PRI_jet_subleading_eta           -0.2947862858  0.303668458  0.677817549          0.015809060
PRI_jet_subleading_phi           -0.2947917495  0.303666790  0.677788271          0.015819619
PRI_jet_all_pt                   -0.4441242478  0.426944933  0.969133578          0.061308216
                            DER_met_phi_centrality DER_lep_eta_centrality   PRI_tau_pt   PRI_tau_eta
Id                                    -0.014312588            0.011870134 -0.008955782  0.0115674195
DER_mass_MMC                           0.332467934            0.152382036  0.142168641  0.0148411132
DER_mass_transverse_met_lep           -0.420443220           -0.198977267 -0.147172093  0.0057000337
DER_mass_vis                          -0.100605103           -0.034597060  0.274966073  0.0176513994
DER_pt_h                               0.551369943            0.536072038  0.414532414  0.0223165636
DER_deltaeta_jet_jet                   0.388988939            0.999998384  0.197991135  0.0179566958
DER_mass_jet_jet                       0.387841346            0.943869009  0.207024566  0.0167119047
DER_prodeta_jet_jet                    0.388666959            0.999989535  0.197921466  0.0179422119
DER_deltar_tau_lep                    -0.213132878           -0.294791387 -0.197328713  0.0002498475
DER_pt_tot                             0.210945278            0.303622345  0.135417610  0.0122906664
DER_sum_pt                             0.430490101            0.677767264  0.488297670  0.0212851547
DER_pt_ratio_lep_tau                  -0.043940381            0.015733312 -0.497819055  0.0159677490
DER_met_phi_centrality                 1.000000000            0.388913917  0.148873594  0.0128833156
DER_lep_eta_centrality                 0.388913917            1.000000000  0.198015632  0.0179637832
PRI_tau_pt                             0.148873594            0.198015632  1.000000000 -0.0061582898
PRI_tau_eta                            0.012883316            0.017963783 -0.006158290  1.0000000000
PRI_tau_phi                           -0.005227480           -0.004574453 -0.014694142 -0.0017121354
PRI_lep_pt                             0.045642367            0.149255531  0.096142888  0.0168553677
PRI_lep_eta                            0.032049728            0.031744276 -0.006460930  0.5731549024
PRI_lep_phi                            0.002439476           -0.025686748 -0.006486272  0.0129167174
PRI_met                                0.196748102            0.320992298  0.160794283  0.0130801461
PRI_met_phi                           -0.009563288           -0.010660316 -0.045151881 -0.0187947076
PRI_met_sumet                          0.431440375            0.625161095  0.448261515  0.0118730564
PRI_jet_num                            0.508036706            0.870271845  0.216317313  0.0286989165
PRI_jet_leading_pt                     0.562764366            0.554714445  0.209484960  0.0343801467
PRI_jet_leading_eta                    0.549383622            0.531914273  0.182195130  0.0346149404
PRI_jet_leading_phi                    0.549375016            0.531912515  0.182277629  0.0341343334
PRI_jet_subleading_pt                  0.390058565            0.999330429  0.201975121  0.0181459704
PRI_jet_subleading_eta                 0.388912788            0.999997035  0.197934860  0.0181633863
PRI_jet_subleading_phi                 0.388906753            0.999997577  0.198016154  0.0179966171
PRI_jet_all_pt                         0.460546632            0.716885900  0.331402861  0.0226798867
                              PRI_tau_phi   PRI_lep_pt  PRI_lep_eta   PRI_lep_phi     PRI_met
Id                          -0.0084280068  0.012122657 -0.011934398 -0.0092875514  0.03154015
DER_mass_MMC                 0.0164875007  0.106107150  0.020142332 -0.0097628435 -0.23445589
DER_mass_transverse_met_lep -0.0049973102  0.303516122 -0.008711025  0.0240313281  0.17906253
DER_mass_vis                 0.0029206700  0.407113041 -0.003229106 -0.0034339613 -0.11296527
DER_pt_h                    -0.0117208107  0.337409308  0.042871288 -0.0188378606  0.68626501
DER_deltaeta_jet_jet        -0.0045348719  0.149178555  0.031734485 -0.0256709137  0.32090501
DER_mass_jet_jet             0.0051848720  0.150681910  0.029759921 -0.0228931262  0.33735628
DER_prodeta_jet_jet         -0.0047338300  0.149381810  0.031722047 -0.0256733032  0.32098433
DER_deltar_tau_lep           0.0101012805 -0.057297764 -0.015481972  0.0002038570 -0.41318994
DER_pt_tot                   0.0139815338  0.127238944  0.024198675 -0.0061159513  0.25208514
DER_sum_pt                  -0.0072065395  0.439139669  0.036201385 -0.0237657186  0.53232295
DER_pt_ratio_lep_tau         0.0041498852  0.689315245  0.020689901  0.0015989881  0.04323522
DER_met_phi_centrality      -0.0052274802  0.045642367  0.032049728  0.0024394762  0.19674810
DER_lep_eta_centrality      -0.0045744534  0.149255531  0.031744276 -0.0256867485  0.32099230
PRI_tau_pt                  -0.0146941420  0.096142888 -0.006460930 -0.0064862721  0.16079428
PRI_tau_eta                 -0.0017121354  0.016855368  0.573154902  0.0129167174  0.01308015
PRI_tau_phi                  1.0000000000 -0.003927611 -0.005689605 -0.2067566469 -0.01664132
PRI_lep_pt                  -0.0039276113  1.000000000  0.028096835 -0.0039042730  0.16051795
PRI_lep_eta                 -0.0056896051  0.028096835  1.000000000  0.0110832299  0.02525177
PRI_lep_phi                 -0.2067566469 -0.003904273  0.011083230  1.0000000000 -0.00796718
PRI_met                     -0.0166413154  0.160517949  0.025251772 -0.0079671799  1.00000000
PRI_met_phi                  0.0477417305 -0.028039304 -0.003599022  0.0165226486 -0.02001800
PRI_met_sumet               -0.0005838616  0.348742188  0.028132217 -0.0268581493  0.50479384
PRI_jet_num                 -0.0026472656  0.184235808  0.043752188 -0.0193368167  0.35205484
PRI_jet_leading_pt           0.0032036829  0.171951080  0.047272650  0.0002556345  0.31518751
PRI_jet_leading_eta          0.0038917954  0.149191662  0.046575772  0.0025788456  0.26794951
PRI_jet_leading_phi          0.0034109909  0.149154724  0.046115730  0.0019669404  0.26800548
PRI_jet_subleading_pt       -0.0045218318  0.153461129  0.031908358 -0.0262002889  0.32810493
PRI_jet_subleading_eta      -0.0044931427  0.149350101  0.031972909 -0.0256677119  0.32109523
PRI_jet_subleading_phi      -0.0046968716  0.149362983  0.031745742 -0.0258587393  0.32098508
PRI_jet_all_pt              -0.0043815410  0.282962740  0.037815104 -0.0255147823  0.55285754
                             PRI_met_phi PRI_met_sumet  PRI_jet_num PRI_jet_leading_pt
Id                           0.007975734  0.0094635771  0.006072132       0.0049581898
DER_mass_MMC                -0.017546163  0.2084225214  0.204295473       0.2320003923
DER_mass_transverse_met_lep -0.015336056 -0.1719854989 -0.231472882      -0.2394560341
DER_mass_vis                -0.001202116  0.0420982761 -0.041394007      -0.0320432001
DER_pt_h                    -0.026349354  0.7891596464  0.641480874       0.6370448712
DER_deltaeta_jet_jet        -0.010652833  0.6249758038  0.870197937       0.5547036250
DER_mass_jet_jet            -0.007857335  0.6188131320  0.815744481       0.5291881079
DER_prodeta_jet_jet         -0.010661870  0.6253167747  0.870387234       0.5547090529
DER_deltar_tau_lep           0.025653814 -0.3994291324 -0.356552617      -0.3513362865
DER_pt_tot                   0.004525578  0.4881588218  0.393467757       0.2252548698
DER_sum_pt                  -0.023328268  0.9041213228  0.766946716       0.6430613707
DER_pt_ratio_lep_tau         0.006332402  0.0276963262  0.038890452       0.0285804823
DER_met_phi_centrality      -0.009563288  0.4314403751  0.508036706       0.5627643663
DER_lep_eta_centrality      -0.010660316  0.6251610946  0.870271845       0.5547144451
PRI_tau_pt                  -0.045151881  0.4482615151  0.216317313       0.2094849599
PRI_tau_eta                 -0.018794708  0.0118730564  0.028698916       0.0343801467
PRI_tau_phi                  0.047741731 -0.0005838616 -0.002647266       0.0032036829
PRI_lep_pt                  -0.028039304  0.3487421879  0.184235808       0.1719510799
PRI_lep_eta                 -0.003599022  0.0281322172  0.043752188       0.0472726498
PRI_lep_phi                  0.016522649 -0.0268581493 -0.019336817       0.0002556345
PRI_met                     -0.020018000  0.5047938404  0.352054838       0.3151875082
PRI_met_phi                  1.000000000 -0.0249717050 -0.009990273      -0.0085168244
PRI_met_sumet               -0.024971705  1.0000000000  0.710475108       0.5937509298
PRI_jet_num                 -0.009990273  0.7104751082  1.000000000       0.8362114594
PRI_jet_leading_pt          -0.008516824  0.5937509298  0.836211459       1.0000000000
PRI_jet_leading_eta         -0.007496438  0.5414979637  0.821005247       0.9963265333
PRI_jet_leading_phi         -0.008145949  0.5415562415  0.821027633       0.9963291716
PRI_jet_subleading_pt       -0.010818321  0.6394347477  0.872347768       0.5558191990
PRI_jet_subleading_eta      -0.010721996  0.6251827192  0.870284875       0.5547219927
PRI_jet_subleading_phi      -0.010811448  0.6251780634  0.870262424       0.5547133008
PRI_jet_all_pt              -0.011512069  0.8848123691  0.809705213       0.6691192396
                            PRI_jet_leading_eta PRI_jet_leading_phi PRI_jet_subleading_pt
Id                                  0.003671601         0.003704952           0.012008128
DER_mass_MMC                        0.229781577         0.229812022           0.152288054
DER_mass_transverse_met_lep        -0.230936412        -0.230965673          -0.199438781
DER_mass_vis                       -0.026904340        -0.026956149          -0.035887635
DER_pt_h                            0.582566279         0.582635771           0.544150888
DER_deltaeta_jet_jet                0.531913203         0.531911452           0.999322058
DER_mass_jet_jet                    0.501994284         0.502012795           0.946122757
DER_prodeta_jet_jet                 0.531909513         0.531907680           0.999322441
DER_deltar_tau_lep                 -0.322347186        -0.322353504          -0.299340147
DER_pt_tot                          0.209437369         0.209420107           0.311394172
DER_sum_pt                          0.585157231         0.585174442           0.693889942
DER_pt_ratio_lep_tau                0.024501769         0.024414776           0.017276533
DER_met_phi_centrality              0.549383622         0.549375016           0.390058565
DER_lep_eta_centrality              0.531914273         0.531912515           0.999330429
PRI_tau_pt                          0.182195130         0.182277629           0.201975121
PRI_tau_eta                         0.034614940         0.034134333           0.018145970
PRI_tau_phi                         0.003891795         0.003410991          -0.004521832
PRI_lep_pt                          0.149191662         0.149154724           0.153461129
PRI_lep_eta                         0.046575772         0.046115730           0.031908358
PRI_lep_phi                         0.002578846         0.001966940          -0.026200289
PRI_met                             0.267949506         0.268005485           0.328104933
PRI_met_phi                        -0.007496438        -0.008145949          -0.010818321
PRI_met_sumet                       0.541497964         0.541556241           0.639434748
PRI_jet_num                         0.821005247         0.821027633           0.872347768
PRI_jet_leading_pt                  0.996326533         0.996329172           0.555819199
PRI_jet_leading_eta                 1.000000000         0.999992179           0.531559668
PRI_jet_leading_phi                 0.999992179         1.000000000           0.531557570
PRI_jet_subleading_pt               0.531559668         0.531557570           1.000000000
PRI_jet_subleading_eta              0.531911790         0.531911098           0.999328336
PRI_jet_subleading_phi              0.531913172         0.531910927           0.999328444
PRI_jet_all_pt                      0.612230065         0.612239832           0.733966557
                            PRI_jet_subleading_eta PRI_jet_subleading_phi PRI_jet_all_pt
Id                                     0.011943437            0.011896117    0.011028522
DER_mass_MMC                           0.152364903            0.152368953    0.166211316
DER_mass_transverse_met_lep           -0.198907042           -0.198944989   -0.218127544
DER_mass_vis                          -0.034575503           -0.034569883   -0.064035957
DER_pt_h                               0.536122413            0.536110631    0.814846192
DER_deltaeta_jet_jet                   0.999995147            0.999995624    0.716735368
DER_mass_jet_jet                       0.943843422            0.943796337    0.718544369
DER_prodeta_jet_jet                    0.999987615            0.999988279    0.716983799
DER_deltar_tau_lep                    -0.294786286           -0.294791750   -0.444124248
DER_pt_tot                             0.303668458            0.303666790    0.426944933
DER_sum_pt                             0.677817549            0.677788271    0.969133578
DER_pt_ratio_lep_tau                   0.015809060            0.015819619    0.061308216
DER_met_phi_centrality                 0.388912788            0.388906753    0.460546632
DER_lep_eta_centrality                 0.999997035            0.999997577    0.716885900
PRI_tau_pt                             0.197934860            0.198016154    0.331402861
PRI_tau_eta                            0.018163386            0.017996617    0.022679887
PRI_tau_phi                           -0.004493143           -0.004696872   -0.004381541
PRI_lep_pt                             0.149350101            0.149362983    0.282962740
PRI_lep_eta                            0.031972909            0.031745742    0.037815104
PRI_lep_phi                           -0.025667712           -0.025858739   -0.025514782
PRI_met                                0.321095228            0.320985077    0.552857542
PRI_met_phi                           -0.010721996           -0.010811448   -0.011512069
PRI_met_sumet                          0.625182719            0.625178063    0.884812369
PRI_jet_num                            0.870284875            0.870262424    0.809705213
PRI_jet_leading_pt                     0.554721993            0.554713301    0.669119240
PRI_jet_leading_eta                    0.531911790            0.531913172    0.612230065
PRI_jet_leading_phi                    0.531911098            0.531910927    0.612239832
PRI_jet_subleading_pt                  0.999328336            0.999328444    0.733966557
PRI_jet_subleading_eta                 1.000000000            0.999994855    0.716942532
PRI_jet_subleading_phi                 0.999994855            1.000000000    0.716887883
PRI_jet_all_pt                         0.716942532            0.716887883    1.000000000
> 
